 0 []                   [1  0  0  0  0  0  0  0  0  0  0  0  0  0  0  0  0  0  0  0  0  0  0  0]
 1 [[0, 1]]             [1  1  0  0  0  0  0  0  0  0  0  0  0  0  0  0  0  0  0  0  0  0  0  0]
 2 [[0, 2]]             [1  0  1  0  0  0  0  0  0  0  0  0  0  0  0  0  0  0  0  0  0  0  0  0]
 3 [[0, 3]]             [1  0  0  1  0  0  0  0  0  0  0  0  0  0  0  0  0  0  0  0  0  0  0  0]
 4 [[1, 2]]             [1  0  0  0  1  0  0  0  0  0  0  0  0  0  0  0  0  0  0  0  0  0  0  0]
 5 [[1, 3]]             [1  0  0  0  0  1  0  0  0  0  0  0  0  0  0  0  0  0  0  0  0  0  0  0]
 6 [[2, 3]]             [1  0  0  0  0  0  1  0  0  0  0  0  0  0  0  0  0  0  0  0  0  0  0  0]
 7 [[0, 1, 2]]          [1  1  1  0  1  0  0  1  0  0  0  0  0  0  0  0  0  0  0  0  0  0  0  0]
 8 [[0, 2, 1]]          [1  1  1  0  1  0  0  0  1  0  0  0  0  0  0  0  0  0  0  0  0  0  0  0]
 9 [[0, 1, 3]]          [1  1  0  1  0  1  0  0  0  1  0  0  0  0  0  0  0  0  0  0  0  0  0  0]
10 [[0, 3, 1]]          [1  1  0  1  0  1  0  0  0  0  1  0  0  0  0  0  0  0  0  0  0  0  0  0]
11 [[0, 2, 3]]          [1  0  1  1  0  0  1  0  0  0  0  1  0  0  0  0  0  0  0  0  0  0  0  0]
12 [[0, 3, 2]]          [1  0  1  1  0  0  1  0  0  0  0  0  1  0  0  0  0  0  0  0  0  0  0  0]
13 [[1, 2, 3]]          [1  0  0  0  1  1  1  0  0  0  0  0  0  1  0  0  0  0  0  0  0  0  0  0]
14 [[1, 3, 2]]          [1  0  0  0  1  1  1  0  0  0  0  0  0  0  1  0  0  0  0  0  0  0  0  0]
15 [[0, 1], [2, 3]]     [1  1  0  0  0  0  1  0  0  0  0  0  0  0  0  1  0  0  0  0  0  0  0  0]
16 [[0, 2], [1, 3]]     [1  0  1  0  0  1  0  0  0  0  0  0  0  0  0  0  1  0  0  0  0  0  0  0]
17 [[0, 3], [1, 2]]     [1  0  0  1  1  0  0  0  0  0  0  0  0  0  0  0  0  1  0  0  0  0  0  0]
18 [[0, 1, 2, 3]]       [1  1  1  1  1  1  1  1  0  1  0  1  0  1  0  1  0  1  1  0  0  0  0  0]
19 [[0, 1, 3, 2]]       [1  1  1  1  1  1  1  1  0  1  0  0  1  0  1  1  1  0  0  1  0  0  0  0]
20 [[0, 2, 1, 3]]       [1  1  1  1  1  1  1  0  1  1  0  1  0  0  1  0  1  1  0  0  1  0  0  0]
21 [[0, 2, 3, 1]]       [1  1  1  1  1  1  1  0  1  0  1  1  0  1  0  1  1  0  0  0  0  1  0  0]
22 [[0, 3, 1, 2]]       [1  1  1  1  1  1  1  1  0  0  1  0  1  1  0  0  1  1  0  0  0  0  1  0]
23 [[0, 3, 2, 1]]       [1  1  1  1  1  1  1  0  1  0  1  0  1  0  1  1  0  1  0  0  0  0  0  1]

0  1
 0 []                   [1   0  0  0  0  0  0  0  0  0  0  0  0  0  0  0  0  0  0  0  0  0  0  0]
 1 [[0, 1]]             [0   1  0  0  0  0  0  0  0  0  0  0  0  0  0  0  0  0  0  0  0  0  0  0]
 2 [[0, 2]]             [0   0  1  0  0  0  0  0  0  0  0  0  0  0  0  0  0  0  0  0  0  0  0  0]
 3 [[0, 3]]             [0   0  0  1  0  0  0  0  0  0  0  0  0  0  0  0  0  0  0  0  0  0  0  0]
 4 [[1, 2]]             [0   0  0  0  1  0  0  0  0  0  0  0  0  0  0  0  0  0  0  0  0  0  0  0]
 5 [[1, 3]]             [0   0  0  0  0  1  0  0  0  0  0  0  0  0  0  0  0  0  0  0  0  0  0  0]
 6 [[2, 3]]             [0   0  0  0  0  0  1  0  0  0  0  0  0  0  0  0  0  0  0  0  0  0  0  0]
 7 [[0, 1, 2]]          [0   0  0  0  0  0  0  1  0  0  0  0  0  0  0  0  0  0  0  0  0  0  0  0]
 8 [[0, 2, 1]]          [0   0  0  0  0  0  0  0  1  0  0  0  0  0  0  0  0  0  0  0  0  0  0  0]
 9 [[0, 1, 3]]          [0   0  0  0  0  0  0  0  0  1  0  0  0  0  0  0  0  0  0  0  0  0  0  0]
10 [[0, 3, 1]]          [0   0  0  0  0  0  0  0  0  0  1  0  0  0  0  0  0  0  0  0  0  0  0  0]
11 [[0, 2, 3]]          [0   0  0  0  0  0  0  0  0  0  0  1  0  0  0  0  0  0  0  0  0  0  0  0]
12 [[0, 3, 2]]          [0   0  0  0  0  0  0  0  0  0  0  0  1  0  0  0  0  0  0  0  0  0  0  0]
13 [[1, 2, 3]]          [0   0  0  0  0  0  0  0  0  0  0  0  0  1  0  0  0  0  0  0  0  0  0  0]
14 [[1, 3, 2]]          [0   0  0  0  0  0  0  0  0  0  0  0  0  0  1  0  0  0  0  0  0  0  0  0]
15 [[0, 1], [2, 3]]     [0   0  0  0  0  0  0  0  0  0  0  0  0  0  0  1  0  0  0  0  0  0  0  0]
16 [[0, 2], [1, 3]]     [0   0  0  0  0  0  0  0  0  0  0  0  0  0  0  0  1  0  0  0  0  0  0  0]
17 [[0, 3], [1, 2]]     [0   0  0  0  0  0  0  0  0  0  0  0  0  0  0  0  0  1  0  0  0  0  0  0]
18 [[0, 1, 2, 3]]       [0   0  0  0  0  0  0  0  0  0  0  0  0  0  0  0  0  0  1  0  0  0  0  0]
19 [[0, 1, 3, 2]]       [0   0  0  0  0  0  0  0  0  0  0  0  0  0  0  0  0  0  0  1  0  0  0  0]
20 [[0, 2, 1, 3]]       [0   0  0  0  0  0  0  0  0  0  0  0  0  0  0  0  0  0  0  0  1  0  0  0]
21 [[0, 2, 3, 1]]       [0   0  0  0  0  0  0  0  0  0  0  0  0  0  0  0  0  0  0  0  0  1  0  0]
22 [[0, 3, 1, 2]]       [0   0  0  0  0  0  0  0  0  0  0  0  0  0  0  0  0  0  0  0  0  0  1  0]
23 [[0, 3, 2, 1]]       [0   0  0  0  0  0  0  0  0  0  0  0  0  0  0  0  0  0  0  0  0  0  0  1]

1 -1
 0 []                   [0  0  0  0  0  0  0  0  0  0  0  0  0  0  0  0  0  0  0  0  0  0  0  0]
 1 [[0, 1]]             [1  0  0  0  0  0  0  0  0  0  0  0  0  0  0  0  0  0  0  0  0  0  0  0]
 2 [[0, 2]]             [1  0  0  0  0  0  0  0  0  0  0  0  0  0  0  0  0  0  0  0  0  0  0  0]
 3 [[0, 3]]             [1  0  0  0  0  0  0  0  0  0  0  0  0  0  0  0  0  0  0  0  0  0  0  0]
 4 [[1, 2]]             [1  0  0  0  0  0  0  0  0  0  0  0  0  0  0  0  0  0  0  0  0  0  0  0]
 5 [[1, 3]]             [1  0  0  0  0  0  0  0  0  0  0  0  0  0  0  0  0  0  0  0  0  0  0  0]
 6 [[2, 3]]             [1  0  0  0  0  0  0  0  0  0  0  0  0  0  0  0  0  0  0  0  0  0  0  0]
 7 [[0, 1, 2]]          [1  1  1  0  1  0  0  0  0  0  0  0  0  0  0  0  0  0  0  0  0  0  0  0]
 8 [[0, 2, 1]]          [1  1  1  0  1  0  0  0  0  0  0  0  0  0  0  0  0  0  0  0  0  0  0  0]
 9 [[0, 1, 3]]          [1  1  0  1  0  1  0  0  0  0  0  0  0  0  0  0  0  0  0  0  0  0  0  0]
10 [[0, 3, 1]]          [1  1  0  1  0  1  0  0  0  0  0  0  0  0  0  0  0  0  0  0  0  0  0  0]
11 [[0, 2, 3]]          [1  0  1  1  0  0  1  0  0  0  0  0  0  0  0  0  0  0  0  0  0  0  0  0]
12 [[0, 3, 2]]          [1  0  1  1  0  0  1  0  0  0  0  0  0  0  0  0  0  0  0  0  0  0  0  0]
13 [[1, 2, 3]]          [1  0  0  0  1  1  1  0  0  0  0  0  0  0  0  0  0  0  0  0  0  0  0  0]
14 [[1, 3, 2]]          [1  0  0  0  1  1  1  0  0  0  0  0  0  0  0  0  0  0  0  0  0  0  0  0]
15 [[0, 1], [2, 3]]     [1  1  0  0  0  0  1  0  0  0  0  0  0  0  0  0  0  0  0  0  0  0  0  0]
16 [[0, 2], [1, 3]]     [1  0  1  0  0  1  0  0  0  0  0  0  0  0  0  0  0  0  0  0  0  0  0  0]
17 [[0, 3], [1, 2]]     [1  0  0  1  1  0  0  0  0  0  0  0  0  0  0  0  0  0  0  0  0  0  0  0]
18 [[0, 1, 2, 3]]       [1  1  1  1  1  1  1  1  0  1  0  1  0  1  0  1  0  1  0  0  0  0  0  0]
19 [[0, 1, 3, 2]]       [1  1  1  1  1  1  1  1  0  1  0  0  1  0  1  1  1  0  0  0  0  0  0  0]
20 [[0, 2, 1, 3]]       [1  1  1  1  1  1  1  0  1  1  0  1  0  0  1  0  1  1  0  0  0  0  0  0]
21 [[0, 2, 3, 1]]       [1  1  1  1  1  1  1  0  1  0  1  1  0  1  0  1  1  0  0  0  0  0  0  0]
22 [[0, 3, 1, 2]]       [1  1  1  1  1  1  1  1  0  0  1  0  1  1  0  0  1  1  0  0  0  0  0  0]
23 [[0, 3, 2, 1]]       [1  1  1  1  1  1  1  0  1  0  1  0  1  0  1  1  0  1  0  0  0  0  0  0]

2  1
 0 []                   [0   0  0  0  0  0  0  0  0  0  0  0  0  0  0  0  0  0  0  0  0  0  0  0]
 1 [[0, 1]]             [0   0  0  0  0  0  0  0  0  0  0  0  0  0  0  0  0  0  0  0  0  0  0  0]
 2 [[0, 2]]             [0   0  0  0  0  0  0  0  0  0  0  0  0  0  0  0  0  0  0  0  0  0  0  0]
 3 [[0, 3]]             [0   0  0  0  0  0  0  0  0  0  0  0  0  0  0  0  0  0  0  0  0  0  0  0]
 4 [[1, 2]]             [0   0  0  0  0  0  0  0  0  0  0  0  0  0  0  0  0  0  0  0  0  0  0  0]
 5 [[1, 3]]             [0   0  0  0  0  0  0  0  0  0  0  0  0  0  0  0  0  0  0  0  0  0  0  0]
 6 [[2, 3]]             [0   0  0  0  0  0  0  0  0  0  0  0  0  0  0  0  0  0  0  0  0  0  0  0]
 7 [[0, 1, 2]]          [3   0  0  0  0  0  0  0  0  0  0  0  0  0  0  0  0  0  0  0  0  0  0  0]
 8 [[0, 2, 1]]          [3   0  0  0  0  0  0  0  0  0  0  0  0  0  0  0  0  0  0  0  0  0  0  0]
 9 [[0, 1, 3]]          [3   0  0  0  0  0  0  0  0  0  0  0  0  0  0  0  0  0  0  0  0  0  0  0]
10 [[0, 3, 1]]          [3   0  0  0  0  0  0  0  0  0  0  0  0  0  0  0  0  0  0  0  0  0  0  0]
11 [[0, 2, 3]]          [3   0  0  0  0  0  0  0  0  0  0  0  0  0  0  0  0  0  0  0  0  0  0  0]
12 [[0, 3, 2]]          [3   0  0  0  0  0  0  0  0  0  0  0  0  0  0  0  0  0  0  0  0  0  0  0]
13 [[1, 2, 3]]          [3   0  0  0  0  0  0  0  0  0  0  0  0  0  0  0  0  0  0  0  0  0  0  0]
14 [[1, 3, 2]]          [3   0  0  0  0  0  0  0  0  0  0  0  0  0  0  0  0  0  0  0  0  0  0  0]
15 [[0, 1], [2, 3]]     [2   0  0  0  0  0  0  0  0  0  0  0  0  0  0  0  0  0  0  0  0  0  0  0]
16 [[0, 2], [1, 3]]     [2   0  0  0  0  0  0  0  0  0  0  0  0  0  0  0  0  0  0  0  0  0  0  0]
17 [[0, 3], [1, 2]]     [2   0  0  0  0  0  0  0  0  0  0  0  0  0  0  0  0  0  0  0  0  0  0  0]
18 [[0, 1, 2, 3]]       [12  3  2  3  3  2  3  0  0  0  0  0  0  0  0  0  0  0  0  0  0  0  0  0]
19 [[0, 1, 3, 2]]       [12  3  3  2  2  3  3  0  0  0  0  0  0  0  0  0  0  0  0  0  0  0  0  0]
20 [[0, 2, 1, 3]]       [12  2  3  3  3  3  2  0  0  0  0  0  0  0  0  0  0  0  0  0  0  0  0  0]
21 [[0, 2, 3, 1]]       [12  3  3  2  2  3  3  0  0  0  0  0  0  0  0  0  0  0  0  0  0  0  0  0]
22 [[0, 3, 1, 2]]       [12  2  3  3  3  3  2  0  0  0  0  0  0  0  0  0  0  0  0  0  0  0  0  0]
23 [[0, 3, 2, 1]]       [12  3  2  3  3  2  3  0  0  0  0  0  0  0  0  0  0  0  0  0  0  0  0  0]

3 -1
 0 []                   [0   0  0  0  0  0  0  0  0  0  0  0  0  0  0  0  0  0  0  0  0  0  0  0]
 1 [[0, 1]]             [0   0  0  0  0  0  0  0  0  0  0  0  0  0  0  0  0  0  0  0  0  0  0  0]
 2 [[0, 2]]             [0   0  0  0  0  0  0  0  0  0  0  0  0  0  0  0  0  0  0  0  0  0  0  0]
 3 [[0, 3]]             [0   0  0  0  0  0  0  0  0  0  0  0  0  0  0  0  0  0  0  0  0  0  0  0]
 4 [[1, 2]]             [0   0  0  0  0  0  0  0  0  0  0  0  0  0  0  0  0  0  0  0  0  0  0  0]
 5 [[1, 3]]             [0   0  0  0  0  0  0  0  0  0  0  0  0  0  0  0  0  0  0  0  0  0  0  0]
 6 [[2, 3]]             [0   0  0  0  0  0  0  0  0  0  0  0  0  0  0  0  0  0  0  0  0  0  0  0]
 7 [[0, 1, 2]]          [0   0  0  0  0  0  0  0  0  0  0  0  0  0  0  0  0  0  0  0  0  0  0  0]
 8 [[0, 2, 1]]          [0   0  0  0  0  0  0  0  0  0  0  0  0  0  0  0  0  0  0  0  0  0  0  0]
 9 [[0, 1, 3]]          [0   0  0  0  0  0  0  0  0  0  0  0  0  0  0  0  0  0  0  0  0  0  0  0]
10 [[0, 3, 1]]          [0   0  0  0  0  0  0  0  0  0  0  0  0  0  0  0  0  0  0  0  0  0  0  0]
11 [[0, 2, 3]]          [0   0  0  0  0  0  0  0  0  0  0  0  0  0  0  0  0  0  0  0  0  0  0  0]
12 [[0, 3, 2]]          [0   0  0  0  0  0  0  0  0  0  0  0  0  0  0  0  0  0  0  0  0  0  0  0]
13 [[1, 2, 3]]          [0   0  0  0  0  0  0  0  0  0  0  0  0  0  0  0  0  0  0  0  0  0  0  0]
14 [[1, 3, 2]]          [0   0  0  0  0  0  0  0  0  0  0  0  0  0  0  0  0  0  0  0  0  0  0  0]
15 [[0, 1], [2, 3]]     [0   0  0  0  0  0  0  0  0  0  0  0  0  0  0  0  0  0  0  0  0  0  0  0]
16 [[0, 2], [1, 3]]     [0   0  0  0  0  0  0  0  0  0  0  0  0  0  0  0  0  0  0  0  0  0  0  0]
17 [[0, 3], [1, 2]]     [0   0  0  0  0  0  0  0  0  0  0  0  0  0  0  0  0  0  0  0  0  0  0  0]
18 [[0, 1, 2, 3]]       [16  0  0  0  0  0  0  0  0  0  0  0  0  0  0  0  0  0  0  0  0  0  0  0]
19 [[0, 1, 3, 2]]       [16  0  0  0  0  0  0  0  0  0  0  0  0  0  0  0  0  0  0  0  0  0  0  0]
20 [[0, 2, 1, 3]]       [16  0  0  0  0  0  0  0  0  0  0  0  0  0  0  0  0  0  0  0  0  0  0  0]
21 [[0, 2, 3, 1]]       [16  0  0  0  0  0  0  0  0  0  0  0  0  0  0  0  0  0  0  0  0  0  0  0]
22 [[0, 3, 1, 2]]       [16  0  0  0  0  0  0  0  0  0  0  0  0  0  0  0  0  0  0  0  0  0  0  0]
23 [[0, 3, 2, 1]]       [16  0  0  0  0  0  0  0  0  0  0  0  0  0  0  0  0  0  0  0  0  0  0  0]

 0 []                   [1   0  0  0  0  0  0  0  0  0  0  0  0  0  0  0  0  0  0  0  0  0  0  0]
 1 [[0, 1]]             [-1  1  0  0  0  0  0  0  0  0  0  0  0  0  0  0  0  0  0  0  0  0  0  0]
 2 [[0, 2]]             [-1  0  1  0  0  0  0  0  0  0  0  0  0  0  0  0  0  0  0  0  0  0  0  0]
 3 [[0, 3]]             [-1  0  0  1  0  0  0  0  0  0  0  0  0  0  0  0  0  0  0  0  0  0  0  0]
 4 [[1, 2]]             [-1  0  0  0  1  0  0  0  0  0  0  0  0  0  0  0  0  0  0  0  0  0  0  0]
 5 [[1, 3]]             [-1  0  0  0  0  1  0  0  0  0  0  0  0  0  0  0  0  0  0  0  0  0  0  0]
 6 [[2, 3]]             [-1  0  0  0  0  0  1  0  0  0  0  0  0  0  0  0  0  0  0  0  0  0  0  0]
 7 [[0, 1, 2]]          [ 2 -1 -1  0 -1  0  0  1  0  0  0  0  0  0  0  0  0  0  0  0  0  0  0  0]
 8 [[0, 2, 1]]          [ 2 -1 -1  0 -1  0  0  0  1  0  0  0  0  0  0  0  0  0  0  0  0  0  0  0]
 9 [[0, 1, 3]]          [ 2 -1  0 -1  0 -1  0  0  0  1  0  0  0  0  0  0  0  0  0  0  0  0  0  0]
10 [[0, 3, 1]]          [ 2 -1  0 -1  0 -1  0  0  0  0  1  0  0  0  0  0  0  0  0  0  0  0  0  0]
11 [[0, 2, 3]]          [ 2  0 -1 -1  0  0 -1  0  0  0  0  1  0  0  0  0  0  0  0  0  0  0  0  0]
12 [[0, 3, 2]]          [ 2  0 -1 -1  0  0 -1  0  0  0  0  0  1  0  0  0  0  0  0  0  0  0  0  0]
13 [[1, 2, 3]]          [ 2  0  0  0 -1 -1 -1  0  0  0  0  0  0  1  0  0  0  0  0  0  0  0  0  0]
14 [[1, 3, 2]]          [ 2  0  0  0 -1 -1 -1  0  0  0  0  0  0  0  1  0  0  0  0  0  0  0  0  0]
15 [[0, 1], [2, 3]]     [ 1 -1  0  0  0  0 -1  0  0  0  0  0  0  0  0  1  0  0  0  0  0  0  0  0]
16 [[0, 2], [1, 3]]     [ 1  0 -1  0  0 -1  0  0  0  0  0  0  0  0  0  0  1  0  0  0  0  0  0  0]
17 [[0, 3], [1, 2]]     [ 1  0  0 -1 -1  0  0  0  0  0  0  0  0  0  0  0  0  1  0  0  0  0  0  0]
18 [[0, 1, 2, 3]]       [-5  2  1  2  2  1  2 -1  0 -1  0 -1  0 -1  0 -1  0 -1  1  0  0  0  0  0]
19 [[0, 1, 3, 2]]       [-5  2  2  1  1  2  2 -1  0 -1  0  0 -1  0 -1 -1 -1  0  0  1  0  0  0  0]
20 [[0, 2, 1, 3]]       [-5  1  2  2  2  2  1  0 -1 -1  0 -1  0  0 -1  0 -1 -1  0  0  1  0  0  0]
21 [[0, 2, 3, 1]]       [-5  2  2  1  1  2  2  0 -1  0 -1 -1  0 -1  0 -1 -1  0  0  0  0  1  0  0]
22 [[0, 3, 1, 2]]       [-5  1  2  2  2  2  1 -1  0  0 -1  0 -1 -1  0  0 -1 -1  0  0  0  0  1  0]
23 [[0, 3, 2, 1]]       [-5  2  1  2  2  1  2  0 -1  0 -1  0 -1  0 -1 -1  0 -1  0  0  0  0  0  1]



